2012,05,18,00,00,0 2012,05,18,00,01,00 GL SEG  EHZ 90
2012,05,18,00,00,0 2012,05,18,00,01,00 GL DSD  HHZ 00
2012,05,18,00,00,0 2012,05,18,00,01,00 GL DHS  HHZ 00
2012,05,18,00,00,0 2012,05,18,00,01,00 GL STG  EHZ 90
2012,05,18,00,00,0 2012,05,18,00,01,00 GL CAG  EHZ 90
2012,05,18,00,00,0 2012,05,18,00,01,00 GL SAV  HHZ 00
2012,05,18,00,00,0 2012,05,18,00,01,00 GL MGG  EHZ 90
2012,05,18,00,00,0 2012,05,18,00,01,00 GL TBG  EHZ 90
2012,05,18,00,00,0 2012,05,18,00,01,00 GL BBL  EHZ 90
2012,05,18,00,00,0 2012,05,18,00,01,00 MQ CPM  EHZ 91
2012,05,18,00,00,0 2012,05,18,00,01,00 MQ LAM  HHZ 00
2012,05,18,00,00,0 2012,05,18,00,01,00 MQ BAM  EHZ 91
2012,05,18,00,00,0 2012,05,18,00,01,00 MQ FDF  HHZ 00
2012,05,18,00,00,0 2012,05,18,00,01,00 MQ TTM  EHZ 91
2012,05,18,00,00,0 2012,05,18,00,01,00 MQ ZAM  EHZ 91
2012,05,18,00,00,0 2012,05,18,00,01,00 MQ TRM  EHZ 91
