2012,2,14,9,24,0 2012,2,14,9,25,0 PF RER HHZ 90
2012,2,14,9,24,0 2012,2,14,9,25,0 PF RMR EHZ 90
2012,2,14,9,24,0 2012,2,14,9,25,0 PF NSR EHZ 90
2012,2,14,9,24,0 2012,2,14,9,25,0 PF FJS HHZ 00
2012,2,14,9,24,0 2012,2,14,9,25,0 PF SNE HHZ 00
2012,2,14,9,24,0 2012,2,14,9,25,0 PF DSO EHZ 90
2012,2,14,9,24,0 2012,2,14,9,25,0 PF BORA EHZ 90
2012,2,14,9,24,0 2012,2,14,9,25,0 PF FLR HHZ 00
2012,2,14,9,24,0 2012,2,14,9,25,0 PF FOR HHZ 00
2012,2,14,9,24,0 2012,2,14,9,25,0 PF RVL HHZ 00
2012,2,14,9,24,0 2012,2,14,9,25,0 PF NTR EHZ 90
2012,2,14,9,24,0 2012,2,14,9,25,0 PF TTR EHZ 90
2012,2,14,9,24,0 2012,2,14,9,25,0 PF FEU EHZ 00
2012,2,14,9,24,0 2012,2,14,9,25,0 PF HDL HHZ 00
